   0.0000000000000000e+00	   0.0000000000000000e+00	   0.0000000000000000e+00	
   3.0000000000000000e+00	   0.0000000000000000e+00	   0.0000000000000000e+00	
   6.0000000000000000e+00	   0.0000000000000000e+00	   0.0000000000000000e+00	
   9.0000000000000000e+00	   0.0000000000000000e+00	   0.0000000000000000e+00	
   1.2000000000000000e+01	   0.0000000000000000e+00	   0.0000000000000000e+00	
   1.5000000000000000e+01	   0.0000000000000000e+00	   0.0000000000000000e+00	
   1.8000000000000000e+01	   0.0000000000000000e+00	   0.0000000000000000e+00	
   2.1000000000000000e+01	   0.0000000000000000e+00	   0.0000000000000000e+00	
   2.4000000000000000e+01	   0.0000000000000000e+00	   0.0000000000000000e+00	
   2.7000000000000000e+01	   0.0000000000000000e+00	   0.0000000000000000e+00	
   0.0000000000000000e+00	   4.0000000000000000e+00	   0.0000000000000000e+00	
   3.0000000000000000e+00	   4.0000000000000000e+00	   0.0000000000000000e+00	
   6.0000000000000000e+00	   4.0000000000000000e+00	   0.0000000000000000e+00	
   9.0000000000000000e+00	   4.0000000000000000e+00	   0.0000000000000000e+00	
   1.2000000000000000e+01	   4.0000000000000000e+00	   0.0000000000000000e+00	
   1.5000000000000000e+01	   4.0000000000000000e+00	   0.0000000000000000e+00	
   1.8000000000000000e+01	   4.0000000000000000e+00	   0.0000000000000000e+00	
   2.1000000000000000e+01	   4.0000000000000000e+00	   0.0000000000000000e+00	
   2.4000000000000000e+01	   4.0000000000000000e+00	   0.0000000000000000e+00	
   2.7000000000000000e+01	   4.0000000000000000e+00	   0.0000000000000000e+00	
   0.0000000000000000e+00	   8.0000000000000000e+00	   0.0000000000000000e+00	
   3.0000000000000000e+00	   8.0000000000000000e+00	   0.0000000000000000e+00	
   6.0000000000000000e+00	   8.0000000000000000e+00	   0.0000000000000000e+00	
   9.0000000000000000e+00	   8.0000000000000000e+00	   0.0000000000000000e+00	
   1.2000000000000000e+01	   8.0000000000000000e+00	   0.0000000000000000e+00	
   1.5000000000000000e+01	   8.0000000000000000e+00	   0.0000000000000000e+00	
   1.8000000000000000e+01	   8.0000000000000000e+00	   0.0000000000000000e+00	
   2.1000000000000000e+01	   8.0000000000000000e+00	   0.0000000000000000e+00	
   2.4000000000000000e+01	   8.0000000000000000e+00	   0.0000000000000000e+00	
   2.7000000000000000e+01	   8.0000000000000000e+00	   0.0000000000000000e+00	
   0.0000000000000000e+00	   1.2000000000000000e+01	   0.0000000000000000e+00	
   3.0000000000000000e+00	   1.2000000000000000e+01	   0.0000000000000000e+00	
   6.0000000000000000e+00	   1.2000000000000000e+01	   0.0000000000000000e+00	
   9.0000000000000000e+00	   1.2000000000000000e+01	   0.0000000000000000e+00	
   1.2000000000000000e+01	   1.2000000000000000e+01	   0.0000000000000000e+00	
   1.5000000000000000e+01	   1.2000000000000000e+01	   0.0000000000000000e+00	
   1.8000000000000000e+01	   1.2000000000000000e+01	   0.0000000000000000e+00	
   2.1000000000000000e+01	   1.2000000000000000e+01	   0.0000000000000000e+00	
   2.4000000000000000e+01	   1.2000000000000000e+01	   0.0000000000000000e+00	
   2.7000000000000000e+01	   1.2000000000000000e+01	   0.0000000000000000e+00	
   0.0000000000000000e+00	   1.6000000000000000e+01	   0.0000000000000000e+00	
   3.0000000000000000e+00	   1.6000000000000000e+01	   0.0000000000000000e+00	
   6.0000000000000000e+00	   1.6000000000000000e+01	   0.0000000000000000e+00	
   9.0000000000000000e+00	   1.6000000000000000e+01	   0.0000000000000000e+00	
   1.2000000000000000e+01	   1.6000000000000000e+01	   0.0000000000000000e+00	
   1.5000000000000000e+01	   1.6000000000000000e+01	   0.0000000000000000e+00	
   1.8000000000000000e+01	   1.6000000000000000e+01	   0.0000000000000000e+00	
   2.1000000000000000e+01	   1.6000000000000000e+01	   0.0000000000000000e+00	
   2.4000000000000000e+01	   1.6000000000000000e+01	   0.0000000000000000e+00	
   2.7000000000000000e+01	   1.6000000000000000e+01	   0.0000000000000000e+00	
   0.0000000000000000e+00	   2.0000000000000000e+01	   0.0000000000000000e+00	
   3.0000000000000000e+00	   2.0000000000000000e+01	   0.0000000000000000e+00	
   6.0000000000000000e+00	   2.0000000000000000e+01	   0.0000000000000000e+00	
   9.0000000000000000e+00	   2.0000000000000000e+01	   0.0000000000000000e+00	
   1.2000000000000000e+01	   2.0000000000000000e+01	   0.0000000000000000e+00	
   1.5000000000000000e+01	   2.0000000000000000e+01	   0.0000000000000000e+00	
   1.8000000000000000e+01	   2.0000000000000000e+01	   0.0000000000000000e+00	
   2.1000000000000000e+01	   2.0000000000000000e+01	   0.0000000000000000e+00	
   2.4000000000000000e+01	   2.0000000000000000e+01	   0.0000000000000000e+00	
   2.7000000000000000e+01	   2.0000000000000000e+01	   0.0000000000000000e+00	
   0.0000000000000000e+00	   2.4000000000000000e+01	   0.0000000000000000e+00	
   3.0000000000000000e+00	   2.4000000000000000e+01	   0.0000000000000000e+00	
   6.0000000000000000e+00	   2.4000000000000000e+01	   0.0000000000000000e+00	
   9.0000000000000000e+00	   2.4000000000000000e+01	   0.0000000000000000e+00	
   1.2000000000000000e+01	   2.4000000000000000e+01	   0.0000000000000000e+00	
   1.5000000000000000e+01	   2.4000000000000000e+01	   0.0000000000000000e+00	
   1.8000000000000000e+01	   2.4000000000000000e+01	   0.0000000000000000e+00	
   2.1000000000000000e+01	   2.4000000000000000e+01	   0.0000000000000000e+00	
   2.4000000000000000e+01	   2.4000000000000000e+01	   0.0000000000000000e+00	
   2.7000000000000000e+01	   2.4000000000000000e+01	   0.0000000000000000e+00	
   0.0000000000000000e+00	   2.8000000000000000e+01	   0.0000000000000000e+00	
   3.0000000000000000e+00	   2.8000000000000000e+01	   0.0000000000000000e+00	
   6.0000000000000000e+00	   2.8000000000000000e+01	   0.0000000000000000e+00	
   9.0000000000000000e+00	   2.8000000000000000e+01	   0.0000000000000000e+00	
   1.2000000000000000e+01	   2.8000000000000000e+01	   0.0000000000000000e+00	
   1.5000000000000000e+01	   2.8000000000000000e+01	   0.0000000000000000e+00	
   1.8000000000000000e+01	   2.8000000000000000e+01	   0.0000000000000000e+00	
   2.1000000000000000e+01	   2.8000000000000000e+01	   0.0000000000000000e+00	
   2.4000000000000000e+01	   2.8000000000000000e+01	   0.0000000000000000e+00	
   2.7000000000000000e+01	   2.8000000000000000e+01	   0.0000000000000000e+00	
   0.0000000000000000e+00	   3.2000000000000000e+01	   0.0000000000000000e+00	
   3.0000000000000000e+00	   3.2000000000000000e+01	   0.0000000000000000e+00	
   6.0000000000000000e+00	   3.2000000000000000e+01	   0.0000000000000000e+00	
   9.0000000000000000e+00	   3.2000000000000000e+01	   0.0000000000000000e+00	
   1.2000000000000000e+01	   3.2000000000000000e+01	   0.0000000000000000e+00	
   1.5000000000000000e+01	   3.2000000000000000e+01	   0.0000000000000000e+00	
   1.8000000000000000e+01	   3.2000000000000000e+01	   0.0000000000000000e+00	
   2.1000000000000000e+01	   3.2000000000000000e+01	   0.0000000000000000e+00	
   2.4000000000000000e+01	   3.2000000000000000e+01	   0.0000000000000000e+00	
   2.7000000000000000e+01	   3.2000000000000000e+01	   0.0000000000000000e+00	
   0.0000000000000000e+00	   3.6000000000000000e+01	   0.0000000000000000e+00	
   3.0000000000000000e+00	   3.6000000000000000e+01	   0.0000000000000000e+00	
   6.0000000000000000e+00	   3.6000000000000000e+01	   0.0000000000000000e+00	
   9.0000000000000000e+00	   3.6000000000000000e+01	   0.0000000000000000e+00	
   1.2000000000000000e+01	   3.6000000000000000e+01	   0.0000000000000000e+00	
   1.5000000000000000e+01	   3.6000000000000000e+01	   0.0000000000000000e+00	
   1.8000000000000000e+01	   3.6000000000000000e+01	   0.0000000000000000e+00	
   2.1000000000000000e+01	   3.6000000000000000e+01	   0.0000000000000000e+00	
   2.4000000000000000e+01	   3.6000000000000000e+01	   0.0000000000000000e+00	
   2.7000000000000000e+01	   3.6000000000000000e+01	   0.0000000000000000e+00	
   0.0000000000000000e+00	   4.0000000000000000e+01	   0.0000000000000000e+00	
   3.0000000000000000e+00	   4.0000000000000000e+01	   0.0000000000000000e+00	
   6.0000000000000000e+00	   4.0000000000000000e+01	   0.0000000000000000e+00	
   9.0000000000000000e+00	   4.0000000000000000e+01	   0.0000000000000000e+00	
   1.2000000000000000e+01	   4.0000000000000000e+01	   0.0000000000000000e+00	
   1.5000000000000000e+01	   4.0000000000000000e+01	   0.0000000000000000e+00	
   1.8000000000000000e+01	   4.0000000000000000e+01	   0.0000000000000000e+00	
   2.1000000000000000e+01	   4.0000000000000000e+01	   0.0000000000000000e+00	
   2.4000000000000000e+01	   4.0000000000000000e+01	   0.0000000000000000e+00	
   2.7000000000000000e+01	   4.0000000000000000e+01	   0.0000000000000000e+00	
   0.0000000000000000e+00	   4.4000000000000000e+01	   0.0000000000000000e+00	
   3.0000000000000000e+00	   4.4000000000000000e+01	   0.0000000000000000e+00	
   6.0000000000000000e+00	   4.4000000000000000e+01	   0.0000000000000000e+00	
   9.0000000000000000e+00	   4.4000000000000000e+01	   0.0000000000000000e+00	
   1.2000000000000000e+01	   4.4000000000000000e+01	   0.0000000000000000e+00	
   1.5000000000000000e+01	   4.4000000000000000e+01	   0.0000000000000000e+00	
   1.8000000000000000e+01	   4.4000000000000000e+01	   0.0000000000000000e+00	
   2.1000000000000000e+01	   4.4000000000000000e+01	   0.0000000000000000e+00	
   2.4000000000000000e+01	   4.4000000000000000e+01	   0.0000000000000000e+00	
   2.7000000000000000e+01	   4.4000000000000000e+01	   0.0000000000000000e+00	
   0.0000000000000000e+00	   4.8000000000000000e+01	   0.0000000000000000e+00	
   3.0000000000000000e+00	   4.8000000000000000e+01	   0.0000000000000000e+00	
   6.0000000000000000e+00	   4.8000000000000000e+01	   0.0000000000000000e+00	
   9.0000000000000000e+00	   4.8000000000000000e+01	   0.0000000000000000e+00	
   1.2000000000000000e+01	   4.8000000000000000e+01	   0.0000000000000000e+00	
   1.5000000000000000e+01	   4.8000000000000000e+01	   0.0000000000000000e+00	
   1.8000000000000000e+01	   4.8000000000000000e+01	   0.0000000000000000e+00	
   2.1000000000000000e+01	   4.8000000000000000e+01	   0.0000000000000000e+00	
   2.4000000000000000e+01	   4.8000000000000000e+01	   0.0000000000000000e+00	
   2.7000000000000000e+01	   4.8000000000000000e+01	   0.0000000000000000e+00	
   0.0000000000000000e+00	   5.2000000000000000e+01	   0.0000000000000000e+00	
   3.0000000000000000e+00	   5.2000000000000000e+01	   0.0000000000000000e+00	
   6.0000000000000000e+00	   5.2000000000000000e+01	   0.0000000000000000e+00	
   9.0000000000000000e+00	   5.2000000000000000e+01	   0.0000000000000000e+00	
   1.2000000000000000e+01	   5.2000000000000000e+01	   0.0000000000000000e+00	
   1.5000000000000000e+01	   5.2000000000000000e+01	   0.0000000000000000e+00	
   1.8000000000000000e+01	   5.2000000000000000e+01	   0.0000000000000000e+00	
   2.1000000000000000e+01	   5.2000000000000000e+01	   0.0000000000000000e+00	
   2.4000000000000000e+01	   5.2000000000000000e+01	   0.0000000000000000e+00	
   2.7000000000000000e+01	   5.2000000000000000e+01	   0.0000000000000000e+00	
   0.0000000000000000e+00	   5.6000000000000000e+01	   0.0000000000000000e+00	
   3.0000000000000000e+00	   5.6000000000000000e+01	   0.0000000000000000e+00	
   6.0000000000000000e+00	   5.6000000000000000e+01	   0.0000000000000000e+00	
   9.0000000000000000e+00	   5.6000000000000000e+01	   0.0000000000000000e+00	
   1.2000000000000000e+01	   5.6000000000000000e+01	   0.0000000000000000e+00	
   1.5000000000000000e+01	   5.6000000000000000e+01	   0.0000000000000000e+00	
   1.8000000000000000e+01	   5.6000000000000000e+01	   0.0000000000000000e+00	
   2.1000000000000000e+01	   5.6000000000000000e+01	   0.0000000000000000e+00	
   2.4000000000000000e+01	   5.6000000000000000e+01	   0.0000000000000000e+00	
   2.7000000000000000e+01	   5.6000000000000000e+01	   0.0000000000000000e+00	
